t <- c(12,28);
t
